0.006030 ; 0.007245 ; 0.489040 ;    9099039 ;    8091254 ;    1007785 ; 0.432188 ; 0.000000 ;     699882 ;       5421 ;     694461 ; 0.000000 ;  410 ;  288 ;          0 ;          0 ; 0.0000000002649019 ; 0.0000000004649019 ; 0.0000000010603190 ; 0.0000000012647462 ; 0.0000000002761379 ; 0.0000000004761379 ; 0.0000000010843324 ; 0.0000000012843324; 0.00000e+00 ; 1.20000e+03
0.005869 ; 0.007039 ; 0.489149 ;    9129098 ;    8112303 ;    1016795 ; 0.456172 ; 0.000000 ;     670147 ;       5480 ;     664667 ; 0.000000 ;  410 ;  288 ;          0 ;          0 ; 0.0000000002649019 ; 0.0000000004649019 ; 0.0000000010603190 ; 0.0000000012647462 ; 0.0000000002761379 ; 0.0000000004761379 ; 0.0000000010843324 ; 0.0000000012843324; 0.00000e+00 ; 1.20000e+03
0.005995 ; 0.007197 ; 0.490884 ;    9013421 ;    8006039 ;    1007382 ; 0.437642 ; 0.000000 ;     785480 ;       4323 ;     781157 ; 0.000000 ;  410 ;  288 ;          0 ;          0 ; 0.0000000002649019 ; 0.0000000004649019 ; 0.0000000010603190 ; 0.0000000012647462 ; 0.0000000002761379 ; 0.0000000004761379 ; 0.0000000010843324 ; 0.0000000012843324; 0.00000e+00 ; 1.20000e+03
0.006039 ; 0.007249 ; 0.489265 ;    9055669 ;    8028999 ;    1026670 ; 0.462046 ; 0.000000 ;     647932 ;       5883 ;     642049 ; 0.000000 ;  410 ;  288 ;          0 ;          0 ; 0.0000000002649019 ; 0.0000000004649019 ; 0.0000000010603190 ; 0.0000000012647462 ; 0.0000000002761379 ; 0.0000000004761379 ; 0.0000000010843324 ; 0.0000000012843324; 0.00000e+00 ; 1.20000e+03
0.006237 ; 0.007491 ; 0.489094 ;    9122049 ;    8089108 ;    1032941 ; 0.451613 ; 0.000000 ;     774594 ;       5524 ;     769070 ; 0.000000 ;  410 ;  288 ;          0 ;          0 ; 0.0000000002649019 ; 0.0000000004649019 ; 0.0000000010603190 ; 0.0000000012647462 ; 0.0000000002761379 ; 0.0000000004761379 ; 0.0000000010843324 ; 0.0000000012843324; 0.00000e+00 ; 1.20000e+03
0.006087 ; 0.007306 ; 0.489182 ;    9097500 ;    8073970 ;    1023530 ; 0.483721 ; 0.000000 ;     897500 ;       4300 ;     893200 ; 0.000000 ;  410 ;  288 ;          0 ;          0 ; 0.0000000002649019 ; 0.0000000004649019 ; 0.0000000010603190 ; 0.0000000012647462 ; 0.0000000002761379 ; 0.0000000004761379 ; 0.0000000010843324 ; 0.0000000012843324; 0.00000e+00 ; 1.20000e+03
0.005992 ; 0.007196 ; 0.489623 ;    9108970 ;    8079485 ;    1029485 ; 0.425620 ; 0.000000 ;     787128 ;       4792 ;     782336 ; 0.000000 ;  410 ;  288 ;          0 ;          0 ; 0.0000000002649019 ; 0.0000000004649019 ; 0.0000000010603190 ; 0.0000000012647462 ; 0.0000000002761379 ; 0.0000000004761379 ; 0.0000000010843324 ; 0.0000000012843324; 0.00000e+00 ; 1.20000e+03
0.006116 ; 0.007342 ; 0.489463 ;    9046640 ;    8007320 ;    1039320 ; 0.453634 ; 0.000000 ;     948700 ;       3990 ;     944710 ; 0.000000 ;  410 ;  288 ;          0 ;          0 ; 0.0000000002649019 ; 0.0000000004649019 ; 0.0000000010603190 ; 0.0000000012647462 ; 0.0000000002761379 ; 0.0000000004761379 ; 0.0000000010843324 ; 0.0000000012843324; 0.00000e+00 ; 1.20000e+03
0.006281 ; 0.007542 ; 0.489132 ;    9164800 ;    8117850 ;    1046950 ; 0.423573 ; 0.000000 ;     830270 ;       5430 ;     824840 ; 0.000000 ;  410 ;  288 ;          0 ;          0 ; 0.0000000002649019 ; 0.0000000004649019 ; 0.0000000010603190 ; 0.0000000012647462 ; 0.0000000002761379 ; 0.0000000004761379 ; 0.0000000010843324 ; 0.0000000012843324; 0.00000e+00 ; 1.20000e+03
0.006075 ; 0.007296 ; 0.489720 ;    9086215 ;    8044313 ;    1041902 ; 0.434498 ; 0.000000 ;     712696 ;       4490 ;     708206 ; 0.000000 ;  410 ;  288 ;          0 ;          0 ; 0.0000000002649019 ; 0.0000000004649019 ; 0.0000000010603190 ; 0.0000000012647462 ; 0.0000000002761379 ; 0.0000000004761379 ; 0.0000000010843324 ; 0.0000000012843324; 0.00000e+00 ; 1.20000e+03
0.006085 ; 0.007305 ; 0.489973 ;    9078010 ;    8040000 ;    1038010 ; 0.467780 ; 0.000000 ;     917200 ;       4190 ;     913010 ; 0.000000 ;  410 ;  288 ;          0 ;          0 ; 0.0000000002649019 ; 0.0000000004649019 ; 0.0000000010603190 ; 0.0000000012647462 ; 0.0000000002761379 ; 0.0000000004761379 ; 0.0000000010843324 ; 0.0000000012843324; 0.00000e+00 ; 1.20000e+03
0.006365 ; 0.007640 ; 0.489447 ;    9093040 ;    8038690 ;    1054350 ; 0.468672 ; 0.000000 ;     902400 ;       3990 ;     898410 ; 0.000000 ;  410 ;  288 ;          0 ;          0 ; 0.0000000002649019 ; 0.0000000004649019 ; 0.0000000010603190 ; 0.0000000012647462 ; 0.0000000002761379 ; 0.0000000004761379 ; 0.0000000010843324 ; 0.0000000012843324; 0.00000e+00 ; 1.20000e+03
0.006269 ; 0.007526 ; 0.490018 ;    9093800 ;    8035130 ;    1058670 ; 0.442708 ; 0.000000 ;     901600 ;       3840 ;     897760 ; 0.000000 ;  410 ;  288 ;          0 ;          0 ; 0.0000000002649019 ; 0.0000000004649019 ; 0.0000000010603190 ; 0.0000000012647462 ; 0.0000000002761379 ; 0.0000000004761379 ; 0.0000000010843324 ; 0.0000000012843324; 0.00000e+00 ; 1.20000e+03
0.005989 ; 0.007183 ; 0.489554 ;    9031780 ;    7988270 ;    1043510 ; 0.409794 ; 0.000000 ;     963560 ;       3880 ;     959680 ; 0.000000 ;  410 ;  288 ;          0 ;          0 ; 0.0000000002649019 ; 0.0000000004649019 ; 0.0000000010603190 ; 0.0000000012647462 ; 0.0000000002761379 ; 0.0000000004761379 ; 0.0000000010843324 ; 0.0000000012843324; 0.00000e+00 ; 1.20000e+03
0.006169 ; 0.007405 ; 0.488919 ;    9140969 ;    8072181 ;    1068788 ; 0.466357 ; 0.000000 ;     954969 ;       4353 ;     950616 ; 0.000000 ;  410 ;  288 ;          0 ;          0 ; 0.0000000002649019 ; 0.0000000004649019 ; 0.0000000010603190 ; 0.0000000012647462 ; 0.0000000002761379 ; 0.0000000004761379 ; 0.0000000010843324 ; 0.0000000012843324; 0.00000e+00 ; 1.20000e+03
0.006183 ; 0.007422 ; 0.489756 ;    9039343 ;    7989833 ;    1049510 ; 0.453552 ; 0.000000 ;     759578 ;       5382 ;     754196 ; 0.000000 ;  410 ;  288 ;          0 ;          0 ; 0.0000000002649019 ; 0.0000000004649019 ; 0.0000000010603190 ; 0.0000000012647462 ; 0.0000000002761379 ; 0.0000000004761379 ; 0.0000000010843324 ; 0.0000000012843324; 0.00000e+00 ; 1.20000e+03
0.006030 ; 0.007239 ; 0.489206 ;    9146039 ;    8075784 ;    1070255 ; 0.457295 ; 0.000000 ;     652990 ;       5509 ;     647481 ; 0.000000 ;  410 ;  288 ;          0 ;          0 ; 0.0000000002649019 ; 0.0000000004649019 ; 0.0000000010603190 ; 0.0000000012647462 ; 0.0000000002761379 ; 0.0000000004761379 ; 0.0000000010843324 ; 0.0000000012843324; 0.00000e+00 ; 1.20000e+03
0.006122 ; 0.007348 ; 0.490577 ;    9194202 ;    8112373 ;    1081829 ; 0.415049 ; 0.000000 ;     901757 ;       4161 ;     897596 ; 0.000000 ;  410 ;  288 ;          0 ;          0 ; 0.0000000002649019 ; 0.0000000004649019 ; 0.0000000010603190 ; 0.0000000012647462 ; 0.0000000002761379 ; 0.0000000004761379 ; 0.0000000010843324 ; 0.0000000012843324; 0.00000e+00 ; 1.20000e+03
0.006126 ; 0.007352 ; 0.489626 ;    9066050 ;    8002120 ;    1063930 ; 0.456019 ; 0.000000 ;     928980 ;       4320 ;     924660 ; 0.000000 ;  410 ;  288 ;          0 ;          0 ; 0.0000000002649019 ; 0.0000000004649019 ; 0.0000000010603190 ; 0.0000000012647462 ; 0.0000000002761379 ; 0.0000000004761379 ; 0.0000000010843324 ; 0.0000000012843324; 0.00000e+00 ; 1.20000e+03
0.006021 ; 0.007222 ; 0.489114 ;    9132090 ;    8059333 ;    1072757 ; 0.458228 ; 0.000000 ;     963989 ;       3989 ;     960000 ; 0.000000 ;  410 ;  288 ;          0 ;          0 ; 0.0000000002649019 ; 0.0000000004649019 ; 0.0000000010603190 ; 0.0000000012647462 ; 0.0000000002761379 ; 0.0000000004761379 ; 0.0000000010843324 ; 0.0000000012843324; 0.00000e+00 ; 1.20000e+03
0.006074 ; 0.007289 ; 0.490346 ;    9122220 ;    8044660 ;    1077560 ; 0.453883 ; 0.000000 ;     872850 ;       4120 ;     868730 ; 0.000000 ;  410 ;  288 ;          0 ;          0 ; 0.0000000002649019 ; 0.0000000004649019 ; 0.0000000010603190 ; 0.0000000012647462 ; 0.0000000002761379 ; 0.0000000004761379 ; 0.0000000010843324 ; 0.0000000012843324; 0.00000e+00 ; 1.20000e+03
0.006213 ; 0.007455 ; 0.489589 ;    9129020 ;    8039680 ;    1089340 ; 0.455782 ; 0.000000 ;     866210 ;       4410 ;     861800 ; 0.000000 ;  410 ;  288 ;          0 ;          0 ; 0.0000000002649019 ; 0.0000000004649019 ; 0.0000000010603190 ; 0.0000000012647462 ; 0.0000000002761379 ; 0.0000000004761379 ; 0.0000000010843324 ; 0.0000000012843324; 0.00000e+00 ; 1.20000e+03
0.006119 ; 0.007343 ; 0.490094 ;    9114059 ;    8013178 ;    1100881 ; 0.417303 ; 0.000000 ;     782386 ;       3891 ;     778495 ; 0.000000 ;  410 ;  288 ;          0 ;          0 ; 0.0000000002649019 ; 0.0000000004649019 ; 0.0000000010603190 ; 0.0000000012647462 ; 0.0000000002761379 ; 0.0000000004761379 ; 0.0000000010843324 ; 0.0000000012843324; 0.00000e+00 ; 1.20000e+03
0.006142 ; 0.007376 ; 0.489543 ;    9055563 ;    7969601 ;    1085962 ; 0.430233 ; 0.000000 ;     648466 ;       5009 ;     643457 ; 0.000000 ;  410 ;  288 ;          0 ;          0 ; 0.0000000002649019 ; 0.0000000004649019 ; 0.0000000010603190 ; 0.0000000012647462 ; 0.0000000002761379 ; 0.0000000004761379 ; 0.0000000010843324 ; 0.0000000012843324; 0.00000e+00 ; 1.20000e+03
0.006178 ; 0.007413 ; 0.490047 ;    9150509 ;    8044127 ;    1106382 ; 0.454064 ; 0.000000 ;     648607 ;       5549 ;     643058 ; 0.000000 ;  410 ;  288 ;          0 ;          0 ; 0.0000000002649019 ; 0.0000000004649019 ; 0.0000000010603190 ; 0.0000000012647462 ; 0.0000000002761379 ; 0.0000000004761379 ; 0.0000000010843324 ; 0.0000000012843324; 0.00000e+00 ; 1.20000e+03
0.006099 ; 0.007318 ; 0.489898 ;    9196663 ;    8079069 ;    1117594 ; 0.477046 ; 0.000000 ;     699009 ;       4960 ;     694049 ; 0.000000 ;  410 ;  288 ;          0 ;          0 ; 0.0000000002649019 ; 0.0000000004649019 ; 0.0000000010603190 ; 0.0000000012647462 ; 0.0000000002761379 ; 0.0000000004761379 ; 0.0000000010843324 ; 0.0000000012843324; 0.00000e+00 ; 1.20000e+03
0.006293 ; 0.007545 ; 0.490548 ;    9230841 ;    8099455 ;    1131386 ; 0.476449 ; 0.000000 ;     665089 ;       5465 ;     659624 ; 0.000000 ;  410 ;  288 ;          0 ;          0 ; 0.0000000002649019 ; 0.0000000004649019 ; 0.0000000010603190 ; 0.0000000012647462 ; 0.0000000002761379 ; 0.0000000004761379 ; 0.0000000010843324 ; 0.0000000012843324; 0.00000e+00 ; 1.20000e+03
0.006094 ; 0.007307 ; 0.490321 ;    9129529 ;    8007117 ;    1122412 ; 0.431818 ; 0.000000 ;     669578 ;       5176 ;     664402 ; 0.000000 ;  410 ;  288 ;          0 ;          0 ; 0.0000000002649019 ; 0.0000000004649019 ; 0.0000000010603190 ; 0.0000000012647462 ; 0.0000000002761379 ; 0.0000000004761379 ; 0.0000000010843324 ; 0.0000000012843324; 0.00000e+00 ; 1.20000e+03
