0.012473 ; 0.015015 ; 0.487068 ;      84299 ;      75281 ;       9018 ; 0.462899 ; 0.000000 ;       7494 ;       2318 ;       5176 ; 0.000000 ;  410 ;  288 ;          0 ;          0 ; 0.0000000003266973 ; 0.0000000005266973 ; 0.0000000011123364 ; 0.0000000013219729 ; 0.0000000002761379 ; 0.0000000004761379 ; 0.0000000010843324 ; 0.0000000012843324; -3.00000e+02 ; 1.20000e+03
0.013241 ; 0.015869 ; 0.490831 ;      84585 ;      75523 ;       9062 ; 0.453138 ; 0.000000 ;       7449 ;       2326 ;       5123 ; 0.000000 ;  410 ;  288 ;          0 ;          0 ; 0.0000000003266973 ; 0.0000000005266973 ; 0.0000000011123364 ; 0.0000000013219729 ; 0.0000000002761379 ; 0.0000000004761379 ; 0.0000000010843324 ; 0.0000000012843324; -3.00000e+02 ; 1.20000e+03
0.012671 ; 0.015235 ; 0.487284 ;      86455 ;      77185 ;       9270 ; 0.463383 ; 0.000000 ;       7445 ;       2294 ;       5151 ; 0.000000 ;  410 ;  288 ;          0 ;          0 ; 0.0000000003266973 ; 0.0000000005266973 ; 0.0000000011123364 ; 0.0000000013219729 ; 0.0000000002761379 ; 0.0000000004761379 ; 0.0000000010843324 ; 0.0000000012843324; -3.00000e+02 ; 1.20000e+03
0.011904 ; 0.014288 ; 0.490826 ;      85497 ;      76361 ;       9136 ; 0.467638 ; 0.000000 ;       7322 ;       2333 ;       4989 ; 0.000000 ;  410 ;  288 ;          0 ;          0 ; 0.0000000003266973 ; 0.0000000005266973 ; 0.0000000011123364 ; 0.0000000013219729 ; 0.0000000002761379 ; 0.0000000004761379 ; 0.0000000010843324 ; 0.0000000012843324; -3.00000e+02 ; 1.20000e+03
0.012109 ; 0.014585 ; 0.486095 ;      83839 ;      74903 ;       8936 ; 0.464316 ; 0.000000 ;       7405 ;       2354 ;       5051 ; 0.000000 ;  410 ;  288 ;          0 ;          0 ; 0.0000000003266973 ; 0.0000000005266973 ; 0.0000000011123364 ; 0.0000000013219729 ; 0.0000000002761379 ; 0.0000000004761379 ; 0.0000000010843324 ; 0.0000000012843324; -3.00000e+02 ; 1.20000e+03
0.011659 ; 0.013975 ; 0.489574 ;      84329 ;      75392 ;       8937 ; 0.458443 ; 0.000000 ;       7318 ;       2286 ;       5032 ; 0.000000 ;  410 ;  288 ;          0 ;          0 ; 0.0000000003266973 ; 0.0000000005266973 ; 0.0000000011123364 ; 0.0000000013219729 ; 0.0000000002761379 ; 0.0000000004761379 ; 0.0000000010843324 ; 0.0000000012843324; -3.00000e+02 ; 1.20000e+03
0.012192 ; 0.014656 ; 0.489534 ;      83862 ;      75049 ;       8813 ; 0.448424 ; 0.000000 ;       7992 ;       2569 ;       5423 ; 0.000000 ;  410 ;  288 ;          0 ;          0 ; 0.0000000003266973 ; 0.0000000005266973 ; 0.0000000011123364 ; 0.0000000013219729 ; 0.0000000002761379 ; 0.0000000004761379 ; 0.0000000010843324 ; 0.0000000012843324; -3.00000e+02 ; 1.20000e+03
0.012551 ; 0.015101 ; 0.489445 ;      85425 ;      76411 ;       9014 ; 0.461104 ; 0.000000 ;       9059 ;       3008 ;       6051 ; 0.000000 ;  410 ;  288 ;          0 ;          0 ; 0.0000000003266973 ; 0.0000000005266973 ; 0.0000000011123364 ; 0.0000000013219729 ; 0.0000000002761379 ; 0.0000000004761379 ; 0.0000000010843324 ; 0.0000000012843324; -3.00000e+02 ; 1.20000e+03
0.011919 ; 0.014324 ; 0.492865 ;      85493 ;      76179 ;       9314 ; 0.464743 ; 0.000000 ;       9230 ;       3049 ;       6181 ; 0.000000 ;  410 ;  288 ;          0 ;          0 ; 0.0000000003266973 ; 0.0000000005266973 ; 0.0000000011123364 ; 0.0000000013219729 ; 0.0000000002761379 ; 0.0000000004761379 ; 0.0000000010843324 ; 0.0000000012843324; -3.00000e+02 ; 1.20000e+03
0.011926 ; 0.014326 ; 0.489787 ;      85816 ;      76474 ;       9342 ; 0.467259 ; 0.000000 ;       9069 ;       3039 ;       6030 ; 0.000000 ;  410 ;  288 ;          0 ;          0 ; 0.0000000003266973 ; 0.0000000005266973 ; 0.0000000011123364 ; 0.0000000013219729 ; 0.0000000002761379 ; 0.0000000004761379 ; 0.0000000010843324 ; 0.0000000012843324; -3.00000e+02 ; 1.20000e+03
0.012716 ; 0.015263 ; 0.488188 ;      85505 ;      76360 ;       9145 ; 0.470524 ; 0.000000 ;       8688 ;       2731 ;       5957 ; 0.000000 ;  410 ;  288 ;          0 ;          0 ; 0.0000000003266973 ; 0.0000000005266973 ; 0.0000000011123364 ; 0.0000000013219729 ; 0.0000000002761379 ; 0.0000000004761379 ; 0.0000000010843324 ; 0.0000000012843324; -3.00000e+02 ; 1.20000e+03
0.011462 ; 0.013816 ; 0.493679 ;      85464 ;      76250 ;       9214 ; 0.452446 ; 0.000000 ;       7979 ;       2555 ;       5424 ; 0.000000 ;  410 ;  288 ;          0 ;          0 ; 0.0000000003266973 ; 0.0000000005266973 ; 0.0000000011123364 ; 0.0000000013219729 ; 0.0000000002761379 ; 0.0000000004761379 ; 0.0000000010843324 ; 0.0000000012843324; -3.00000e+02 ; 1.20000e+03
0.012112 ; 0.014571 ; 0.489687 ;      84990 ;      75877 ;       9113 ; 0.450626 ; 0.000000 ;       8450 ;       2876 ;       5574 ; 0.000000 ;  410 ;  288 ;          0 ;          0 ; 0.0000000003266973 ; 0.0000000005266973 ; 0.0000000011123364 ; 0.0000000013219729 ; 0.0000000002761379 ; 0.0000000004761379 ; 0.0000000010843324 ; 0.0000000012843324; -3.00000e+02 ; 1.20000e+03
0.012794 ; 0.015361 ; 0.488878 ;      86120 ;      76831 ;       9289 ; 0.460053 ; 0.000000 ;       8893 ;       3004 ;       5889 ; 0.000000 ;  410 ;  288 ;          0 ;          0 ; 0.0000000003266973 ; 0.0000000005266973 ; 0.0000000011123364 ; 0.0000000013219729 ; 0.0000000002761379 ; 0.0000000004761379 ; 0.0000000010843324 ; 0.0000000012843324; -3.00000e+02 ; 1.20000e+03
0.012593 ; 0.015157 ; 0.486383 ;      85598 ;      76154 ;       9444 ; 0.457792 ; 0.000000 ;       8469 ;       2772 ;       5697 ; 0.000000 ;  410 ;  288 ;          0 ;          0 ; 0.0000000003266973 ; 0.0000000005266973 ; 0.0000000011123364 ; 0.0000000013219729 ; 0.0000000002761379 ; 0.0000000004761379 ; 0.0000000010843324 ; 0.0000000012843324; -3.00000e+02 ; 1.20000e+03
0.011789 ; 0.014185 ; 0.489468 ;      84386 ;      75155 ;       9231 ; 0.479612 ; 0.000000 ;       8031 ;       2575 ;       5456 ; 0.000000 ;  410 ;  288 ;          0 ;          0 ; 0.0000000003266973 ; 0.0000000005266973 ; 0.0000000011123364 ; 0.0000000013219729 ; 0.0000000002761379 ; 0.0000000004761379 ; 0.0000000010843324 ; 0.0000000012843324; -3.00000e+02 ; 1.20000e+03
0.011766 ; 0.014142 ; 0.487953 ;      83817 ;      74706 ;       9111 ; 0.457955 ; 0.000000 ;       7622 ;       2426 ;       5196 ; 0.000000 ;  410 ;  288 ;          0 ;          0 ; 0.0000000003266973 ; 0.0000000005266973 ; 0.0000000011123364 ; 0.0000000013219729 ; 0.0000000002761379 ; 0.0000000004761379 ; 0.0000000010843324 ; 0.0000000012843324; -3.00000e+02 ; 1.20000e+03
0.011324 ; 0.013601 ; 0.487452 ;      84865 ;      75589 ;       9276 ; 0.457468 ; 0.000000 ;       7661 ;       2551 ;       5110 ; 0.000000 ;  410 ;  288 ;          0 ;          0 ; 0.0000000003266973 ; 0.0000000005266973 ; 0.0000000011123364 ; 0.0000000013219729 ; 0.0000000002761379 ; 0.0000000004761379 ; 0.0000000010843324 ; 0.0000000012843324; -3.00000e+02 ; 1.20000e+03
0.012518 ; 0.014995 ; 0.486738 ;      84358 ;      75250 ;       9108 ; 0.455903 ; 0.000000 ;       8215 ;       2812 ;       5403 ; 0.000000 ;  410 ;  288 ;          0 ;          0 ; 0.0000000003266973 ; 0.0000000005266973 ; 0.0000000011123364 ; 0.0000000013219729 ; 0.0000000002761379 ; 0.0000000004761379 ; 0.0000000010843324 ; 0.0000000012843324; -3.00000e+02 ; 1.20000e+03
0.011856 ; 0.014226 ; 0.490929 ;      84785 ;      75571 ;       9214 ; 0.467443 ; 0.000000 ;       8645 ;       2918 ;       5727 ; 0.000000 ;  410 ;  288 ;          0 ;          0 ; 0.0000000003266973 ; 0.0000000005266973 ; 0.0000000011123364 ; 0.0000000013219729 ; 0.0000000002761379 ; 0.0000000004761379 ; 0.0000000010843324 ; 0.0000000012843324; -3.00000e+02 ; 1.20000e+03
0.012315 ; 0.014763 ; 0.491163 ;      83947 ;      75028 ;       8919 ; 0.461193 ; 0.000000 ;       8996 ;       3118 ;       5878 ; 0.000000 ;  410 ;  288 ;          0 ;          0 ; 0.0000000003266973 ; 0.0000000005266973 ; 0.0000000011123364 ; 0.0000000013219729 ; 0.0000000002761379 ; 0.0000000004761379 ; 0.0000000010843324 ; 0.0000000012843324; -3.00000e+02 ; 1.20000e+03
0.012496 ; 0.015000 ; 0.488274 ;      85157 ;      76025 ;       9132 ; 0.455830 ; 0.000000 ;       9046 ;       3113 ;       5933 ; 0.000000 ;  410 ;  288 ;          0 ;          0 ; 0.0000000003266973 ; 0.0000000005266973 ; 0.0000000011123364 ; 0.0000000013219729 ; 0.0000000002761379 ; 0.0000000004761379 ; 0.0000000010843324 ; 0.0000000012843324; -3.00000e+02 ; 1.20000e+03
0.012190 ; 0.014640 ; 0.486489 ;      84328 ;      75307 ;       9021 ; 0.476443 ; 0.000000 ;       8917 ;       3014 ;       5903 ; 0.000000 ;  410 ;  288 ;          0 ;          0 ; 0.0000000003266973 ; 0.0000000005266973 ; 0.0000000011123364 ; 0.0000000013219729 ; 0.0000000002761379 ; 0.0000000004761379 ; 0.0000000010843324 ; 0.0000000012843324; -3.00000e+02 ; 1.20000e+03
0.012746 ; 0.015315 ; 0.489697 ;      85076 ;      75947 ;       9129 ; 0.470550 ; 0.000000 ;       8876 ;       3073 ;       5803 ; 0.000000 ;  410 ;  288 ;          0 ;          0 ; 0.0000000003266973 ; 0.0000000005266973 ; 0.0000000011123364 ; 0.0000000013219729 ; 0.0000000002761379 ; 0.0000000004761379 ; 0.0000000010843324 ; 0.0000000012843324; -3.00000e+02 ; 1.20000e+03
0.012755 ; 0.015339 ; 0.490351 ;      85117 ;      75970 ;       9147 ; 0.460964 ; 0.000000 ;       8482 ;       2946 ;       5536 ; 0.000000 ;  410 ;  288 ;          0 ;          0 ; 0.0000000003266973 ; 0.0000000005266973 ; 0.0000000011123364 ; 0.0000000013219729 ; 0.0000000002761379 ; 0.0000000004761379 ; 0.0000000010843324 ; 0.0000000012843324; -3.00000e+02 ; 1.20000e+03
0.012149 ; 0.014608 ; 0.488490 ;      85886 ;      76632 ;       9254 ; 0.453773 ; 0.000000 ;       8574 ;       2823 ;       5751 ; 0.000000 ;  410 ;  288 ;          0 ;          0 ; 0.0000000003266973 ; 0.0000000005266973 ; 0.0000000011123364 ; 0.0000000013219729 ; 0.0000000002761379 ; 0.0000000004761379 ; 0.0000000010843324 ; 0.0000000012843324; -3.00000e+02 ; 1.20000e+03
0.011990 ; 0.014397 ; 0.488505 ;      85029 ;      75815 ;       9214 ; 0.467136 ; 0.000000 ;       7835 ;       2556 ;       5279 ; 0.000000 ;  410 ;  288 ;          0 ;          0 ; 0.0000000003266973 ; 0.0000000005266973 ; 0.0000000011123364 ; 0.0000000013219729 ; 0.0000000002761379 ; 0.0000000004761379 ; 0.0000000010843324 ; 0.0000000012843324; -3.00000e+02 ; 1.20000e+03
0.012201 ; 0.014663 ; 0.489189 ;      85006 ;      75897 ;       9109 ; 0.458641 ; 0.000000 ;       7747 ;       2575 ;       5172 ; 0.000000 ;  410 ;  288 ;          0 ;          0 ; 0.0000000003266973 ; 0.0000000005266973 ; 0.0000000011123364 ; 0.0000000013219729 ; 0.0000000002761379 ; 0.0000000004761379 ; 0.0000000010843324 ; 0.0000000012843324; -3.00000e+02 ; 1.20000e+03
