0.006190 ; 0.007432 ; 0.490650 ;    8364945 ;    7424423 ;     940522 ; 0.457023 ; 0.000000 ;     642765 ;      42972 ;     599793 ; 0.000000 ;  410 ;  288 ;          0 ;          0 ; 0.0000000002381396 ; 0.0000000004381396 ; 0.0000000010394065 ; 0.0000000012490430 ; 0.0000000002761379 ; 0.0000000004761379 ; 0.0000000010843324 ; 0.0000000012843324; -3.00000e+02 ; 1.20000e+03
0.005633 ; 0.006764 ; 0.489794 ;    8276306 ;    7362072 ;     914234 ; 0.452262 ; 0.000000 ;     731468 ;      46990 ;     684478 ; 0.000000 ;  410 ;  288 ;          0 ;          0 ; 0.0000000002381396 ; 0.0000000004381396 ; 0.0000000010394065 ; 0.0000000012490430 ; 0.0000000002761379 ; 0.0000000004761379 ; 0.0000000010843324 ; 0.0000000012843324; -3.00000e+02 ; 1.20000e+03
0.005786 ; 0.006956 ; 0.490401 ;    8322027 ;    7400045 ;     921982 ; 0.459322 ; 0.000000 ;     767554 ;      53636 ;     713918 ; 0.000000 ;  410 ;  288 ;          0 ;          0 ; 0.0000000002381396 ; 0.0000000004381396 ; 0.0000000010394065 ; 0.0000000012490430 ; 0.0000000002761379 ; 0.0000000004761379 ; 0.0000000010843324 ; 0.0000000012843324; -3.00000e+02 ; 1.20000e+03
0.006137 ; 0.007370 ; 0.488863 ;    8368736 ;    7436800 ;     931936 ; 0.452161 ; 0.000000 ;     720863 ;      56154 ;     664709 ; 0.000000 ;  410 ;  288 ;          0 ;          0 ; 0.0000000002381396 ; 0.0000000004381396 ; 0.0000000010394065 ; 0.0000000012490430 ; 0.0000000002761379 ; 0.0000000004761379 ; 0.0000000010843324 ; 0.0000000012843324; -3.00000e+02 ; 1.20000e+03
0.006270 ; 0.007529 ; 0.488722 ;    8395436 ;    7445381 ;     950055 ; 0.471269 ; 0.000000 ;     694181 ;      40818 ;     653363 ; 0.000000 ;  410 ;  288 ;          0 ;          0 ; 0.0000000002381396 ; 0.0000000004381396 ; 0.0000000010394065 ; 0.0000000012490430 ; 0.0000000002761379 ; 0.0000000004761379 ; 0.0000000010843324 ; 0.0000000012843324; -3.00000e+02 ; 1.20000e+03
0.005677 ; 0.006820 ; 0.490045 ;    8347072 ;    7413000 ;     934072 ; 0.470627 ; 0.000000 ;     660585 ;      41099 ;     619486 ; 0.000000 ;  410 ;  288 ;          0 ;          0 ; 0.0000000002381396 ; 0.0000000004381396 ; 0.0000000010394065 ; 0.0000000012490430 ; 0.0000000002761379 ; 0.0000000004761379 ; 0.0000000010843324 ; 0.0000000012843324; -3.00000e+02 ; 1.20000e+03
0.005831 ; 0.007007 ; 0.489913 ;    8371763 ;    7427500 ;     944263 ; 0.468959 ; 0.000000 ;     717790 ;      47590 ;     670200 ; 0.000000 ;  410 ;  288 ;          0 ;          0 ; 0.0000000002381396 ; 0.0000000004381396 ; 0.0000000010394065 ; 0.0000000012490430 ; 0.0000000002761379 ; 0.0000000004761379 ; 0.0000000010843324 ; 0.0000000012843324; -3.00000e+02 ; 1.20000e+03
0.005600 ; 0.006732 ; 0.489276 ;    8302324 ;    7376387 ;     925937 ; 0.445535 ; 0.000000 ;     705153 ;      45900 ;     659253 ; 0.000000 ;  410 ;  288 ;          0 ;          0 ; 0.0000000002381396 ; 0.0000000004381396 ; 0.0000000010394065 ; 0.0000000012490430 ; 0.0000000002761379 ; 0.0000000004761379 ; 0.0000000010843324 ; 0.0000000012843324; -3.00000e+02 ; 1.20000e+03
0.006049 ; 0.007263 ; 0.489790 ;    8311785 ;    7372696 ;     939089 ; 0.451380 ; 0.000000 ;     615455 ;      46919 ;     568536 ; 0.000000 ;  410 ;  288 ;          0 ;          0 ; 0.0000000002381396 ; 0.0000000004381396 ; 0.0000000010394065 ; 0.0000000012490430 ; 0.0000000002761379 ; 0.0000000004761379 ; 0.0000000010843324 ; 0.0000000012843324; -3.00000e+02 ; 1.20000e+03
0.006543 ; 0.007852 ; 0.489688 ;    8436254 ;    7472700 ;     963554 ; 0.465364 ; 0.000000 ;     653200 ;      41863 ;     611337 ; 0.000000 ;  410 ;  288 ;          0 ;          0 ; 0.0000000002381396 ; 0.0000000004381396 ; 0.0000000010394065 ; 0.0000000012490430 ; 0.0000000002761379 ; 0.0000000004761379 ; 0.0000000010843324 ; 0.0000000012843324; -3.00000e+02 ; 1.20000e+03
0.006110 ; 0.007337 ; 0.489642 ;    8357183 ;    7412000 ;     945183 ; 0.445878 ; 0.000000 ;     815770 ;      56192 ;     759578 ; 0.000000 ;  410 ;  288 ;          0 ;          0 ; 0.0000000002381396 ; 0.0000000004381396 ; 0.0000000010394065 ; 0.0000000012490430 ; 0.0000000002761379 ; 0.0000000004761379 ; 0.0000000010843324 ; 0.0000000012843324; -3.00000e+02 ; 1.20000e+03
0.005856 ; 0.007035 ; 0.488799 ;    8358431 ;    7411706 ;     946725 ; 0.443953 ; 0.000000 ;     814513 ;      62284 ;     752229 ; 0.000000 ;  410 ;  288 ;          0 ;          0 ; 0.0000000002381396 ; 0.0000000004381396 ; 0.0000000010394065 ; 0.0000000012490430 ; 0.0000000002761379 ; 0.0000000004761379 ; 0.0000000010843324 ; 0.0000000012843324; -3.00000e+02 ; 1.20000e+03
0.005642 ; 0.006773 ; 0.489719 ;    8360000 ;    7412211 ;     947789 ; 0.449385 ; 0.000000 ;     813165 ;      52201 ;     760964 ; 0.000000 ;  410 ;  288 ;          0 ;          0 ; 0.0000000002381396 ; 0.0000000004381396 ; 0.0000000010394065 ; 0.0000000012490430 ; 0.0000000002761379 ; 0.0000000004761379 ; 0.0000000010843324 ; 0.0000000012843324; -3.00000e+02 ; 1.20000e+03
0.005727 ; 0.006879 ; 0.489565 ;    8307616 ;    7377223 ;     930393 ; 0.447158 ; 0.000000 ;     619714 ;      40214 ;     579500 ; 0.000000 ;  410 ;  288 ;          0 ;          0 ; 0.0000000002381396 ; 0.0000000004381396 ; 0.0000000010394065 ; 0.0000000012490430 ; 0.0000000002761379 ; 0.0000000004761379 ; 0.0000000010843324 ; 0.0000000012843324; -3.00000e+02 ; 1.20000e+03
0.005852 ; 0.007029 ; 0.489484 ;    8337973 ;    7404214 ;     933759 ; 0.462361 ; 0.000000 ;     589428 ;      40919 ;     548509 ; 0.000000 ;  410 ;  288 ;          0 ;          0 ; 0.0000000002381396 ; 0.0000000004381396 ; 0.0000000010394065 ; 0.0000000012490430 ; 0.0000000002761379 ; 0.0000000004761379 ; 0.0000000010843324 ; 0.0000000012843324; -3.00000e+02 ; 1.20000e+03
0.005859 ; 0.007040 ; 0.488889 ;    8272433 ;    7337716 ;     934717 ; 0.462845 ; 0.000000 ;     575752 ;      41681 ;     534071 ; 0.000000 ;  410 ;  288 ;          0 ;          0 ; 0.0000000002381396 ; 0.0000000004381396 ; 0.0000000010394065 ; 0.0000000012490430 ; 0.0000000002761379 ; 0.0000000004761379 ; 0.0000000010843324 ; 0.0000000012843324; -3.00000e+02 ; 1.20000e+03
0.006105 ; 0.007336 ; 0.489554 ;    8349303 ;    7402616 ;     946687 ; 0.443127 ; 0.000000 ;     577964 ;      39169 ;     538795 ; 0.000000 ;  410 ;  288 ;          0 ;          0 ; 0.0000000002381396 ; 0.0000000004381396 ; 0.0000000010394065 ; 0.0000000012490430 ; 0.0000000002761379 ; 0.0000000004761379 ; 0.0000000010843324 ; 0.0000000012843324; -3.00000e+02 ; 1.20000e+03
0.005699 ; 0.006847 ; 0.489234 ;    8343169 ;    7397750 ;     945419 ; 0.468922 ; 0.000000 ;     584080 ;      40651 ;     543429 ; 0.000000 ;  410 ;  288 ;          0 ;          0 ; 0.0000000002381396 ; 0.0000000004381396 ; 0.0000000010394065 ; 0.0000000012490430 ; 0.0000000002761379 ; 0.0000000004761379 ; 0.0000000010843324 ; 0.0000000012843324; -3.00000e+02 ; 1.20000e+03
0.005858 ; 0.007044 ; 0.489150 ;    8263663 ;    7327929 ;     935734 ; 0.448253 ; 0.000000 ;     584504 ;      40017 ;     544487 ; 0.000000 ;  410 ;  288 ;          0 ;          0 ; 0.0000000002381396 ; 0.0000000004381396 ; 0.0000000010394065 ; 0.0000000012490430 ; 0.0000000002761379 ; 0.0000000004761379 ; 0.0000000010843324 ; 0.0000000012843324; -3.00000e+02 ; 1.20000e+03
0.005863 ; 0.007045 ; 0.489315 ;    8340223 ;    7386205 ;     954018 ; 0.454154 ; 0.000000 ;     587142 ;      41482 ;     545660 ; 0.000000 ;  410 ;  288 ;          0 ;          0 ; 0.0000000002381396 ; 0.0000000004381396 ; 0.0000000010394065 ; 0.0000000012490430 ; 0.0000000002761379 ; 0.0000000004761379 ; 0.0000000010843324 ; 0.0000000012843324; -3.00000e+02 ; 1.20000e+03
0.005727 ; 0.006878 ; 0.489592 ;    8336723 ;    7388348 ;     948375 ; 0.442399 ; 0.000000 ;     590392 ;      39294 ;     551098 ; 0.000000 ;  410 ;  288 ;          0 ;          0 ; 0.0000000002381396 ; 0.0000000004381396 ; 0.0000000010394065 ; 0.0000000012490430 ; 0.0000000002761379 ; 0.0000000004761379 ; 0.0000000010843324 ; 0.0000000012843324; -3.00000e+02 ; 1.20000e+03
0.005794 ; 0.006962 ; 0.488726 ;    8343500 ;    7387732 ;     955768 ; 0.454403 ; 0.000000 ;     583776 ;      39848 ;     543928 ; 0.000000 ;  410 ;  288 ;          0 ;          0 ; 0.0000000002381396 ; 0.0000000004381396 ; 0.0000000010394065 ; 0.0000000012490430 ; 0.0000000002761379 ; 0.0000000004761379 ; 0.0000000010843324 ; 0.0000000012843324; -3.00000e+02 ; 1.20000e+03
0.005931 ; 0.007131 ; 0.489816 ;    8333169 ;    7381178 ;     951991 ; 0.450730 ; 0.000000 ;     593982 ;      39142 ;     554840 ; 0.000000 ;  410 ;  288 ;          0 ;          0 ; 0.0000000002381396 ; 0.0000000004381396 ; 0.0000000010394065 ; 0.0000000012490430 ; 0.0000000002761379 ; 0.0000000004761379 ; 0.0000000010843324 ; 0.0000000012843324; -3.00000e+02 ; 1.20000e+03
0.005745 ; 0.006905 ; 0.489440 ;    8327625 ;    7374696 ;     952929 ; 0.460742 ; 0.000000 ;     599651 ;      39687 ;     559964 ; 0.000000 ;  410 ;  288 ;          0 ;          0 ; 0.0000000002381396 ; 0.0000000004381396 ; 0.0000000010394065 ; 0.0000000012490430 ; 0.0000000002761379 ; 0.0000000004761379 ; 0.0000000010843324 ; 0.0000000012843324; -3.00000e+02 ; 1.20000e+03
0.006028 ; 0.007236 ; 0.489013 ;    8265752 ;    7306805 ;     958947 ; 0.449111 ; 0.000000 ;     582504 ;      41300 ;     541204 ; 0.000000 ;  410 ;  288 ;          0 ;          0 ; 0.0000000002381396 ; 0.0000000004381396 ; 0.0000000010394065 ; 0.0000000012490430 ; 0.0000000002761379 ; 0.0000000004761379 ; 0.0000000010843324 ; 0.0000000012843324; -3.00000e+02 ; 1.20000e+03
0.006331 ; 0.007610 ; 0.488662 ;    8338312 ;    7370205 ;     968107 ; 0.461253 ; 0.000000 ;     588803 ;      43321 ;     545482 ; 0.000000 ;  410 ;  288 ;          0 ;          0 ; 0.0000000002381396 ; 0.0000000004381396 ; 0.0000000010394065 ; 0.0000000012490430 ; 0.0000000002761379 ; 0.0000000004761379 ; 0.0000000010843324 ; 0.0000000012843324; -3.00000e+02 ; 1.20000e+03
0.006108 ; 0.007341 ; 0.489885 ;    8362423 ;    7390027 ;     972396 ; 0.459450 ; 0.000000 ;     645369 ;      50099 ;     595270 ; 0.000000 ;  410 ;  288 ;          0 ;          0 ; 0.0000000002381396 ; 0.0000000004381396 ; 0.0000000010394065 ; 0.0000000012490430 ; 0.0000000002761379 ; 0.0000000004761379 ; 0.0000000010843324 ; 0.0000000012843324; -3.00000e+02 ; 1.20000e+03
0.005846 ; 0.007028 ; 0.489453 ;    8304342 ;    7349891 ;     954451 ; 0.457801 ; 0.000000 ;     703324 ;      57108 ;     646216 ; 0.000000 ;  410 ;  288 ;          0 ;          0 ; 0.0000000002381396 ; 0.0000000004381396 ; 0.0000000010394065 ; 0.0000000012490430 ; 0.0000000002761379 ; 0.0000000004761379 ; 0.0000000010843324 ; 0.0000000012843324; -3.00000e+02 ; 1.20000e+03
