0.002595 ; 0.003122 ; 0.490111 ;    1205541 ;    1132518 ;      73023 ; 0.465773 ; 0.000000 ;      98556 ;      15676 ;      82880 ; 0.000000 ;  410 ;  288 ;          0 ;          0 ; 0.0000000002902324 ; 0.0000000004902324 ; 0.0000000010706622 ; 0.0000000012802987 ; 0.0000000002761379 ; 0.0000000004761379 ; 0.0000000010843324 ; 0.0000000012843324; -3.00000e+02 ; 1.20000e+03
0.002398 ; 0.002886 ; 0.490067 ;    1199963 ;    1127019 ;      72944 ; 0.459248 ; 0.000000 ;     102500 ;      16332 ;      86168 ; 0.000000 ;  410 ;  288 ;          0 ;          0 ; 0.0000000002902324 ; 0.0000000004902324 ; 0.0000000010706622 ; 0.0000000012802987 ; 0.0000000002761379 ; 0.0000000004761379 ; 0.0000000010843324 ; 0.0000000012843324; -3.00000e+02 ; 1.20000e+03
0.002916 ; 0.003507 ; 0.489361 ;    1206516 ;    1131891 ;      74625 ; 0.453031 ; 0.000000 ;      94252 ;      15164 ;      79088 ; 0.000000 ;  410 ;  288 ;          0 ;          0 ; 0.0000000002902324 ; 0.0000000004902324 ; 0.0000000010706622 ; 0.0000000012802987 ; 0.0000000002761379 ; 0.0000000004761379 ; 0.0000000010843324 ; 0.0000000012843324; -3.00000e+02 ; 1.20000e+03
0.002900 ; 0.003491 ; 0.489752 ;    1205506 ;    1130088 ;      75418 ; 0.453909 ; 0.000000 ;      88458 ;      14066 ;      74392 ; 0.000000 ;  410 ;  288 ;          0 ;          0 ; 0.0000000002902324 ; 0.0000000004902324 ; 0.0000000010706622 ; 0.0000000012802987 ; 0.0000000002761379 ; 0.0000000004761379 ; 0.0000000010843324 ; 0.0000000012843324; -3.00000e+02 ; 1.20000e+03
0.003016 ; 0.003630 ; 0.489635 ;    1207383 ;    1131682 ;      75701 ; 0.464027 ; 0.000000 ;      78307 ;      12450 ;      65857 ; 0.000000 ;  410 ;  288 ;          0 ;          0 ; 0.0000000002902324 ; 0.0000000004902324 ; 0.0000000010706622 ; 0.0000000012802987 ; 0.0000000002761379 ; 0.0000000004761379 ; 0.0000000010843324 ; 0.0000000012843324; -3.00000e+02 ; 1.20000e+03
0.003258 ; 0.003923 ; 0.489283 ;    1213826 ;    1136794 ;      77032 ; 0.452454 ; 0.000000 ;      76866 ;      12295 ;      64571 ; 0.000000 ;  410 ;  288 ;          0 ;          0 ; 0.0000000002902324 ; 0.0000000004902324 ; 0.0000000010706622 ; 0.0000000012802987 ; 0.0000000002761379 ; 0.0000000004761379 ; 0.0000000010843324 ; 0.0000000012843324; -3.00000e+02 ; 1.20000e+03
0.003247 ; 0.003906 ; 0.490109 ;    1210815 ;    1133875 ;      76940 ; 0.472187 ; 0.000000 ;      81485 ;      13186 ;      68299 ; 0.000000 ;  410 ;  288 ;          0 ;          0 ; 0.0000000002902324 ; 0.0000000004902324 ; 0.0000000010706622 ; 0.0000000012802987 ; 0.0000000002761379 ; 0.0000000004761379 ; 0.0000000010843324 ; 0.0000000012843324; -3.00000e+02 ; 1.20000e+03
0.002919 ; 0.003508 ; 0.488786 ;    1208328 ;    1132178 ;      76150 ; 0.461752 ; 0.000000 ;      90743 ;      14993 ;      75750 ; 0.000000 ;  410 ;  288 ;          0 ;          0 ; 0.0000000002902324 ; 0.0000000004902324 ; 0.0000000010706622 ; 0.0000000012802987 ; 0.0000000002761379 ; 0.0000000004761379 ; 0.0000000010843324 ; 0.0000000012843324; -3.00000e+02 ; 1.20000e+03
0.003199 ; 0.003852 ; 0.488612 ;    1215320 ;    1137630 ;      77690 ; 0.461959 ; 0.000000 ;      90559 ;      14346 ;      76213 ; 0.000000 ;  410 ;  288 ;          0 ;          0 ; 0.0000000002902324 ; 0.0000000004902324 ; 0.0000000010706622 ; 0.0000000012802987 ; 0.0000000002761379 ; 0.0000000004761379 ; 0.0000000010843324 ; 0.0000000012843324; -3.00000e+02 ; 1.20000e+03
0.003401 ; 0.004089 ; 0.488684 ;    1216169 ;    1138722 ;      77447 ; 0.463147 ; 0.000000 ;      96516 ;      15902 ;      80614 ; 0.000000 ;  410 ;  288 ;          0 ;          0 ; 0.0000000002902324 ; 0.0000000004902324 ; 0.0000000010706622 ; 0.0000000012802987 ; 0.0000000002761379 ; 0.0000000004761379 ; 0.0000000010843324 ; 0.0000000012843324; -3.00000e+02 ; 1.20000e+03
0.003128 ; 0.003761 ; 0.489060 ;    1203831 ;    1127832 ;      75999 ; 0.459490 ; 0.000000 ;     101990 ;      17473 ;      84517 ; 0.000000 ;  410 ;  288 ;          0 ;          0 ; 0.0000000002902324 ; 0.0000000004902324 ; 0.0000000010706622 ; 0.0000000012802987 ; 0.0000000002761379 ; 0.0000000004761379 ; 0.0000000010843324 ; 0.0000000012843324; -3.00000e+02 ; 1.20000e+03
0.003334 ; 0.004011 ; 0.489638 ;    1216675 ;    1138984 ;      77691 ; 0.450627 ; 0.000000 ;     104752 ;      17400 ;      87352 ; 0.000000 ;  410 ;  288 ;          0 ;          0 ; 0.0000000002902324 ; 0.0000000004902324 ; 0.0000000010706622 ; 0.0000000012802987 ; 0.0000000002761379 ; 0.0000000004761379 ; 0.0000000010843324 ; 0.0000000012843324; -3.00000e+02 ; 1.20000e+03
0.003176 ; 0.003821 ; 0.489456 ;    1210964 ;    1134411 ;      76553 ; 0.444895 ; 0.000000 ;     105262 ;      17860 ;      87402 ; 0.000000 ;  410 ;  288 ;          0 ;          0 ; 0.0000000002902324 ; 0.0000000004902324 ; 0.0000000010706622 ; 0.0000000012802987 ; 0.0000000002761379 ; 0.0000000004761379 ; 0.0000000010843324 ; 0.0000000012843324; -3.00000e+02 ; 1.20000e+03
0.003078 ; 0.003708 ; 0.489699 ;    1215027 ;    1138043 ;      76984 ; 0.462707 ; 0.000000 ;     104593 ;      17746 ;      86847 ; 0.000000 ;  410 ;  288 ;          0 ;          0 ; 0.0000000002902324 ; 0.0000000004902324 ; 0.0000000010706622 ; 0.0000000012802987 ; 0.0000000002761379 ; 0.0000000004761379 ; 0.0000000010843324 ; 0.0000000012843324; -3.00000e+02 ; 1.20000e+03
0.003041 ; 0.003659 ; 0.489294 ;    1211191 ;    1134205 ;      76986 ; 0.459923 ; 0.000000 ;     105060 ;      17884 ;      87176 ; 0.000000 ;  410 ;  288 ;          0 ;          0 ; 0.0000000002902324 ; 0.0000000004902324 ; 0.0000000010706622 ; 0.0000000012802987 ; 0.0000000002761379 ; 0.0000000004761379 ; 0.0000000010843324 ; 0.0000000012843324; -3.00000e+02 ; 1.20000e+03
0.003455 ; 0.004153 ; 0.490084 ;    1232834 ;    1152659 ;      80175 ; 0.455835 ; 0.000000 ;     102745 ;      17148 ;      85597 ; 0.000000 ;  410 ;  288 ;          0 ;          0 ; 0.0000000002902324 ; 0.0000000004902324 ; 0.0000000010706622 ; 0.0000000012802987 ; 0.0000000002761379 ; 0.0000000004761379 ; 0.0000000010843324 ; 0.0000000012843324; -3.00000e+02 ; 1.20000e+03
0.003384 ; 0.004068 ; 0.489020 ;    1232324 ;    1152612 ;      79712 ; 0.456633 ; 0.000000 ;      99721 ;      16664 ;      83057 ; 0.000000 ;  410 ;  288 ;          0 ;          0 ; 0.0000000002902324 ; 0.0000000004902324 ; 0.0000000010706622 ; 0.0000000012802987 ; 0.0000000002761379 ; 0.0000000004761379 ; 0.0000000010843324 ; 0.0000000012843324; -3.00000e+02 ; 1.20000e+03
0.003216 ; 0.003871 ; 0.488895 ;    1224899 ;    1146800 ;      78099 ; 0.459056 ; 0.000000 ;      93002 ;      15288 ;      77714 ; 0.000000 ;  410 ;  288 ;          0 ;          0 ; 0.0000000002902324 ; 0.0000000004902324 ; 0.0000000010706622 ; 0.0000000012802987 ; 0.0000000002761379 ; 0.0000000004761379 ; 0.0000000010843324 ; 0.0000000012843324; -3.00000e+02 ; 1.20000e+03
0.003395 ; 0.004084 ; 0.489475 ;    1231563 ;    1152000 ;      79563 ; 0.458133 ; 0.000000 ;      86444 ;      14242 ;      72202 ; 0.000000 ;  410 ;  288 ;          0 ;          0 ; 0.0000000002902324 ; 0.0000000004902324 ; 0.0000000010706622 ; 0.0000000012802987 ; 0.0000000002761379 ; 0.0000000004761379 ; 0.0000000010843324 ; 0.0000000012843324; -3.00000e+02 ; 1.20000e+03
0.002982 ; 0.003588 ; 0.489619 ;    1212987 ;    1135937 ;      77050 ; 0.464443 ; 0.000000 ;      79332 ;      13771 ;      65561 ; 0.000000 ;  410 ;  288 ;          0 ;          0 ; 0.0000000002902324 ; 0.0000000004902324 ; 0.0000000010706622 ; 0.0000000012802987 ; 0.0000000002761379 ; 0.0000000004761379 ; 0.0000000010843324 ; 0.0000000012843324; -3.00000e+02 ; 1.20000e+03
0.003026 ; 0.003641 ; 0.489284 ;    1207711 ;    1131081 ;      76630 ; 0.451976 ; 0.000000 ;      77987 ;      13252 ;      64735 ; 0.000000 ;  410 ;  288 ;          0 ;          0 ; 0.0000000002902324 ; 0.0000000004902324 ; 0.0000000010706622 ; 0.0000000012802987 ; 0.0000000002761379 ; 0.0000000004761379 ; 0.0000000010843324 ; 0.0000000012843324; -3.00000e+02 ; 1.20000e+03
0.003011 ; 0.003619 ; 0.489010 ;    1211319 ;    1133970 ;      77349 ; 0.470282 ; 0.000000 ;      81007 ;      13908 ;      67099 ; 0.000000 ;  410 ;  288 ;          0 ;          0 ; 0.0000000002902324 ; 0.0000000004902324 ; 0.0000000010706622 ; 0.0000000012802987 ; 0.0000000002761379 ; 0.0000000004761379 ; 0.0000000010843324 ; 0.0000000012843324; -3.00000e+02 ; 1.20000e+03
0.003103 ; 0.003733 ; 0.490131 ;    1208858 ;    1131940 ;      76918 ; 0.465072 ; 0.000000 ;      80131 ;      13594 ;      66537 ; 0.000000 ;  410 ;  288 ;          0 ;          0 ; 0.0000000002902324 ; 0.0000000004902324 ; 0.0000000010706622 ; 0.0000000012802987 ; 0.0000000002761379 ; 0.0000000004761379 ; 0.0000000010843324 ; 0.0000000012843324; -3.00000e+02 ; 1.20000e+03
0.002970 ; 0.003572 ; 0.488557 ;    1212381 ;    1135307 ;      77074 ; 0.462855 ; 0.000000 ;      78316 ;      13739 ;      64577 ; 0.000000 ;  410 ;  288 ;          0 ;          0 ; 0.0000000002902324 ; 0.0000000004902324 ; 0.0000000010706622 ; 0.0000000012802987 ; 0.0000000002761379 ; 0.0000000004761379 ; 0.0000000010843324 ; 0.0000000012843324; -3.00000e+02 ; 1.20000e+03
0.002820 ; 0.003396 ; 0.489228 ;    1205375 ;    1128686 ;      76689 ; 0.466369 ; 0.000000 ;      81989 ;      14426 ;      67563 ; 0.000000 ;  410 ;  288 ;          0 ;          0 ; 0.0000000002902324 ; 0.0000000004902324 ; 0.0000000010706622 ; 0.0000000012802987 ; 0.0000000002761379 ; 0.0000000004761379 ; 0.0000000010843324 ; 0.0000000012843324; -3.00000e+02 ; 1.20000e+03
0.002896 ; 0.003482 ; 0.490166 ;    1209707 ;    1132434 ;      77273 ; 0.461094 ; 0.000000 ;      91022 ;      16214 ;      74808 ; 0.000000 ;  410 ;  288 ;          0 ;          0 ; 0.0000000002902324 ; 0.0000000004902324 ; 0.0000000010706622 ; 0.0000000012802987 ; 0.0000000002761379 ; 0.0000000004761379 ; 0.0000000010843324 ; 0.0000000012843324; -3.00000e+02 ; 1.20000e+03
0.002885 ; 0.003472 ; 0.488996 ;    1208668 ;    1132117 ;      76551 ; 0.456545 ; 0.000000 ;     100622 ;      18111 ;      82511 ; 0.000000 ;  410 ;  288 ;          0 ;          0 ; 0.0000000002902324 ; 0.0000000004902324 ; 0.0000000010706622 ; 0.0000000012802987 ; 0.0000000002761379 ; 0.0000000004761379 ; 0.0000000010843324 ; 0.0000000012843324; -3.00000e+02 ; 1.20000e+03
